100000
100010
100032
100053
100020
100061
100080
100071
102300
100043
102400
102500
101200
101300
101400
101500
102100
102200
102600
101100
200000
200050
200020
200082
200940
200240
200070
200011
200080
200030
200002
200063
200040
200100
201100
201200
201300
201400
201500
201600
201700
201800
201900
202100
300000
300171
300202
300143
300100
300131
300450
300300
300350
300380
300400
300270
300480
301500
301600
301700
301800
301900
402160
404000
408000
409700
010000
010020
010010
010030
010020
012000
012600
014000
015000
016000
017000
021000
021400
022100
024000
026000
137400
028000
029200
162600
030000
030009
030002
030024
030023
030032
030200
030600
034000
037000
041000
043000
044000
045000
046000
048000
050000
050051
050011
050051
050011
050081
050100
051800
052300
053000
054000
054100
056000
061000
062100
062500
063000
066000
066100
067000
071000
072700
073000
075000
102800
110000
111000
112000
112700
113000
114000
114200
115000
116000
116300
117000
118000
121000
123000
121600
124000
122100
130000
131200
132000
132400
133000
133100
133400
133700
134000
134200
134300
135000
136000
136100
136200
137000
137100
150000
150300
151100
152000
153000
154000
154100
154600
155100
156400
157000
157300
158100
161000
163000
164000
164300
164500
210000
211400
212000
212300
213000
214000
214200
214400
215000
215500
221000
222000
223000
223200
223800
224000
224200
225000
225300
225700
226000
230000
232000
233000
234000
235000
236000
236800
237000
238000
239000
241000
242000
242700
243000
244000
245000
245200
246000
250000
252000
252600
253000
255000
256600
257000
261000
262200
262500
264000
264200
266000
271000
271100
271200
272100
273100
274000
276000
276800
277100
202400
324200
310000
315000
311100
315100
311200
315200
311300
315300
311400
315400
311500
315500
311600
315600
311700
315700
311800
315800
312000
316000
312000
325100
321100
325200
321200
325300
321300
325400
321400
325500
322000
325600
322100
325700
322200
325800
322300
316100
312300
316200
312400
317000
312500
317100
313000
317200
313100
317300
313200
317400
313300
317500
314000
317600
314100
317700
314200
321000
314300
321000
314400
323000
314500
323300
323600
323400
323700
323500
323800
324300
323900
324400
324000
325000
324000
325000
324100
330000
330200
330100
331700
330500
332000
330200
332300
332400
332500
332800
332200
330400
332700
332600
330300
334000
333200
334200
333100
334400
334700
335500
335100
334300
344000
344900
331800
344800
344200
344300
344700
344500
344600
335300
336000
336400
330700
330600
336100
336200
336300
331200
330800
331100
343000
343100
331600
333400
333800
343900
331500
331400
331300
343500
341000
341100
342300
342400
342800
342700
342500
341500
341200
341300
341600
341700
341900
342100
342600
342200
331400
333000
337000
337100
336500
336600
335000
335200
335400
350000
351100
353000
354000
361000
362000
362700
363000
364000
365000
366000
410000
411100
411400
412000
413000
414000
414400
415000
415400
416000
418000
417000
417100
417500
421000
421800
422000
423000
425000
425100
430000
431600
431700
432100
432400
432600
433000
433200
434000
434400
434500
435000
436000
436400
437000
437300
441000
441300
441800
441900
442000
443000
443300
445000
445400
450000
453000
454100
455000
456600
457000
461000
462000
463000
464000
466000
467000
471000
472000
472300
473000
475000
476000
510000
511500
511700
512000
514000
515000
515600
516000
516600
517000
518000
524000
525000
526000
528000
528400
529000
529500
570000
571400
572100
572200
530000
532600
533000
535000
536000
537000
541000
543000
545000
546500
547000
550000
553000
554300
556000
558000
561000
562400
563000
564700
610000
614000
615000
617000
618000
621000
625000
628000
629000
400000
634000
635000
637000
638600
641000
643000
644000
646000
648000
624000
650000
654100
655000
657000
661000
661400
671000
675000
678000
653100
710000
712000
714000
715400
716000
721000
723000
727000
730000
730900
731100
733000
734000
735000
735100
735200
737100
741000
744000
745000
750000
751600
753000
810000
813000
816000
817000
830000
831100
832000
833200
833400
834000
834700
835000
836500
838000
839000
841000
843000
844000
845300
848000
850000
857000